start=-0.041708
pause=yes
volume=95.000000
border=no
ab-loop-a=29.112417
