start=440.649000
pause=yes
volume=90.000000
border=no
panscan=0.200000
