start=1444.570000
volume=80.000000
border=no
