start=743.410000
pause=yes
volume=75.000000
border=no
panscan=0.200000
