start=1415.541000
volume=95.000000
border=no
