start=7.090000
volume=100.000000
border=no
