start=5185.763917
pause=yes
volume=85.000000
border=no
panscan=0.300000
