start=593.416000
speed=1.331000
border=no
