start=477.894000
pause=yes
volume=110.000000
border=no
panscan=0.300000
