start=471.053917
volume=100.000000
border=no
