start=1516.875000
volume=95.000000
border=no
