start=263.972042
pause=yes
volume=90.000000
border=no
panscan=0.200000
