start=1329.375000
volume=85.000000
border=no
