volume=65.000000
border=no
panscan=0.200000
aid=1
sid=8
