start=1330.914000
volume=75.000000
border=no
