start=18249.820000
speed=1.464100
volume=75.000000
border=no
