start=1411.118033
volume=95.000000
border=no
panscan=0.000000
