start=102.185000
volume=50.000000
border=no
aid=2
sid=1
