start=526.818489
pause=yes
volume=60.000000
border=no
panscan=0.200000
sid=7
