start=1406.613542
volume=95.000000
border=no
panscan=0.300000
