start=28.987322
border=no
panscan=0.200000
aid=1
