start=1328.933911
volume=65.000000
border=no
