start=9.057000
volume=55.000000
border=no
