start=0.709000
volume=80.000000
border=no
