start=1412.202458
volume=95.000000
border=no
