start=21.633000
volume=100.000000
border=no
