start=1456.163000
volume=95.000000
border=no
