start=0.648622
pause=yes
volume=35.000000
border=no
aid=1
