start=492.783958
pause=yes
volume=95.000000
border=no
panscan=0.200000
