start=1311.311000
volume=85.000000
border=no
