start=155.221733
speed=1.331000
volume=75.000000
border=no
