start=0.000000
pause=yes
volume=90.000000
border=no
panscan=0.200000
sub-delay=0.000000
