start=822.655167
volume=90.000000
border=no
