start=1286.787557
volume=55.000000
border=no
