start=1291.208647
volume=60.000000
border=no
