start=491.699542
pause=yes
volume=100.000000
border=no
panscan=0.200000
