start=10.650000
volume=120.000000
border=no
