start=1330.746078
volume=55.000000
border=no
