start=168.210000
pause=yes
volume=115.000000
border=no
panscan=0.300000
