start=360.902208
pause=yes
volume=105.000000
border=no
panscan=0.300000
