start=1409.743000
speed=1.000000
volume=80.000000
border=no
