start=1426.675244
volume=100.000000
border=no
