start=437.437000
pause=yes
volume=85.000000
border=no
panscan=0.200000
