start=486.903083
pause=yes
volume=80.000000
border=no
panscan=0.200000
