start=1313.687375
volume=100.000000
border=no
panscan=0.200000
